14.755105209757481
14.785348328916275
14.77385437254668
14.766294989038272
14.767578120014326
14.769002078840458
14.772505215218017
14.75634047560264
14.744693730883395
14.775315823598907
14.762463736980747
14.7449568199045
14.760557883640109
14.749310062297663
14.745630798284376
14.759363510647326
14.75338325890406
14.732903971110805
14.751315044268969
14.73760886217608
14.731911451603104
14.738361233800665
14.757971869462903
14.739239860519412
14.747564771865342
14.729774624636184
14.756527967192456
14.751379474097902
14.745494767693092
14.74807958443652
14.741105218575449
14.742747786716949
14.726156197333271
14.712451399883683
14.73896260778726
14.749525877449287
14.75346364491386
14.775874518037847
14.761872332828474
14.77951967319287
14.766023322661974
14.768016141556648
14.782009947456686
14.788140190872769
14.802452137078246
14.81039109523846
14.845562104443346
14.825346503880848
14.84792711799151
14.860021653448007
14.851991734083953
14.849681181020214
14.880742889580816
14.855367421630124
14.805813458665808
14.850339403017202
14.808297147685408
14.805609010647245
14.858366523690284
14.8778227759652
14.954540177792028
15.041271931627717
15.143804810557691
15.184863121668077
15.157963970811831
15.117463953346963
15.057896432640558
15.024029899982297
15.011608048972374
15.031476187147701
15.038858845606166
14.926771375715129
14.960802248536245
14.97066221979398
14.961274186642635
14.955684272631322
14.930867903303907
14.913022705600683
14.891303565765659
14.875054847705423
14.855459175853884
14.833223024185756
14.844175650240425
14.827451415209081
14.69626332956572
14.830296731931016
14.806778053803216
14.797429499792592
14.793047935202766
14.797827220728319
14.765506319573698
14.739462858359655
14.760543123691438
14.72265185680934
14.717447506820136
14.708377413575768
14.701555238080513
14.703275592594924
14.683138379743326
14.686654676344244
